[gd_scene format=3 uid="uid://bahrjp3hpd4vp"]

[ext_resource type="PackedScene" path="res://player/player.tscn" id="1_lyxqh"]
[ext_resource type="PackedScene" path="res://npc/guard.tscn" id="2_mrr7x"]

[sub_resource type="StandardMaterial3D" id="StandardMaterial3D_p7g62"]
albedo_color = Color(0.18, 0.22, 0.2, 1)

[sub_resource type="BoxMesh" id="BoxMesh_e3r2y"]
material = SubResource("StandardMaterial3D_p7g62")
size = Vector3(48, 0.2, 48)

[sub_resource type="BoxShape3D" id="BoxShape3D_j8tvj"]
size = Vector3(48, 0.2, 48)

[sub_resource type="StandardMaterial3D" id="StandardMaterial3D_kvaqy"]
albedo_color = Color(0.25, 0.28, 0.32, 1)

[sub_resource type="BoxMesh" id="BoxMesh_qdwau"]
material = SubResource("StandardMaterial3D_kvaqy")
size = Vector3(48, 2, 1)

[sub_resource type="BoxShape3D" id="BoxShape3D_vknp6"]
size = Vector3(48, 2, 1)

[sub_resource type="BoxMesh" id="BoxMesh_thmnn"]
material = SubResource("StandardMaterial3D_kvaqy")
size = Vector3(1, 2, 48)

[sub_resource type="BoxShape3D" id="BoxShape3D_f6aid"]
size = Vector3(1, 2, 48)

[sub_resource type="StandardMaterial3D" id="StandardMaterial3D_f5hid"]
albedo_color = Color(0.45, 0.46, 0.5, 1)

[sub_resource type="BoxMesh" id="BoxMesh_wjpsn"]
material = SubResource("StandardMaterial3D_f5hid")
size = Vector3(2.5, 1.5, 2.5)

[sub_resource type="BoxShape3D" id="BoxShape3D_hkpsh"]
size = Vector3(2.5, 1.5, 2.5)

[sub_resource type="BoxMesh" id="BoxMesh_m3jxn"]
material = SubResource("StandardMaterial3D_f5hid")
size = Vector3(1.5, 3, 4)

[sub_resource type="BoxShape3D" id="BoxShape3D_j0dly"]
size = Vector3(1.5, 3, 4)

[sub_resource type="BoxMesh" id="BoxMesh_gyb5s"]
material = SubResource("StandardMaterial3D_f5hid")
size = Vector3(7, 2.2, 0.8)

[sub_resource type="BoxShape3D" id="BoxShape3D_yxlqk"]
size = Vector3(7, 2.2, 0.8)

[sub_resource type="BoxMesh" id="BoxMesh_d2rkb"]
material = SubResource("StandardMaterial3D_f5hid")
size = Vector3(4, 2.2, 0.8)

[sub_resource type="BoxShape3D" id="BoxShape3D_lm2ax"]
size = Vector3(4, 2.2, 0.8)

[node name="Main" type="Node3D" unique_id=1510492892]

[node name="Sun" type="DirectionalLight3D" parent="." unique_id=1199993648]
transform = Transform3D(0.707107, -0.353553, 0.612372, 0, 0.866025, 0.5, -0.707107, -0.353553, 0.612372, 0, 6, 0)
shadow_enabled = true

[node name="Player" parent="." unique_id=2097462033 instance=ExtResource("1_lyxqh")]
transform = Transform3D(1, 0, 0, 0, 1, 0, 0, 0, 1, 0, 1, 5)

[node name="Floor" type="StaticBody3D" parent="." unique_id=28632971]

[node name="MeshInstance3D" type="MeshInstance3D" parent="Floor" unique_id=928281801]
transform = Transform3D(1, 0, 0, 0, 1, 0, 0, 0, 1, 0, -0.1, 0)
mesh = SubResource("BoxMesh_e3r2y")

[node name="CollisionShape3D" type="CollisionShape3D" parent="Floor" unique_id=1024450890]
transform = Transform3D(1, 0, 0, 0, 1, 0, 0, 0, 1, 0, -0.1, 0)
shape = SubResource("BoxShape3D_j8tvj")

[node name="Borders" type="Node3D" parent="." unique_id=2074136617]

[node name="NorthBorder" type="StaticBody3D" parent="Borders" unique_id=1679489813]
transform = Transform3D(1, 0, 0, 0, 1, 0, 0, 0, 1, 0, 1, -24)

[node name="MeshInstance3D" type="MeshInstance3D" parent="Borders/NorthBorder" unique_id=1017839908]
mesh = SubResource("BoxMesh_qdwau")

[node name="CollisionShape3D" type="CollisionShape3D" parent="Borders/NorthBorder" unique_id=1553270312]
shape = SubResource("BoxShape3D_vknp6")

[node name="SouthBorder" type="StaticBody3D" parent="Borders" unique_id=350671943]
transform = Transform3D(1, 0, 0, 0, 1, 0, 0, 0, 1, 0, 1, 24)

[node name="MeshInstance3D" type="MeshInstance3D" parent="Borders/SouthBorder" unique_id=517595693]
mesh = SubResource("BoxMesh_qdwau")

[node name="CollisionShape3D" type="CollisionShape3D" parent="Borders/SouthBorder" unique_id=1313408808]
shape = SubResource("BoxShape3D_vknp6")

[node name="WestBorder" type="StaticBody3D" parent="Borders" unique_id=1559338982]
transform = Transform3D(1, 0, 0, 0, 1, 0, 0, 0, 1, -24, 1, 0)

[node name="MeshInstance3D" type="MeshInstance3D" parent="Borders/WestBorder" unique_id=2050097099]
mesh = SubResource("BoxMesh_thmnn")

[node name="CollisionShape3D" type="CollisionShape3D" parent="Borders/WestBorder" unique_id=139703637]
shape = SubResource("BoxShape3D_f6aid")

[node name="EastBorder" type="StaticBody3D" parent="Borders" unique_id=714850402]
transform = Transform3D(1, 0, 0, 0, 1, 0, 0, 0, 1, 24, 1, 0)

[node name="MeshInstance3D" type="MeshInstance3D" parent="Borders/EastBorder" unique_id=907254120]
mesh = SubResource("BoxMesh_thmnn")

[node name="CollisionShape3D" type="CollisionShape3D" parent="Borders/EastBorder" unique_id=498905544]
shape = SubResource("BoxShape3D_f6aid")

[node name="Blockout" type="Node3D" parent="." unique_id=1725331959]

[node name="BlockA" type="StaticBody3D" parent="Blockout" unique_id=561756697]
transform = Transform3D(1, 0, 0, 0, 1, 0, 0, 0, 1, -4, 0.75, -2)

[node name="MeshInstance3D" type="MeshInstance3D" parent="Blockout/BlockA" unique_id=300604761]
mesh = SubResource("BoxMesh_wjpsn")

[node name="CollisionShape3D" type="CollisionShape3D" parent="Blockout/BlockA" unique_id=1431084126]
shape = SubResource("BoxShape3D_hkpsh")

[node name="BlockB" type="StaticBody3D" parent="Blockout" unique_id=1640691564]
transform = Transform3D(0.866025, 0, -0.5, 0, 1, 0, 0.5, 0, 0.866025, 4, 1.5, -3)

[node name="MeshInstance3D" type="MeshInstance3D" parent="Blockout/BlockB" unique_id=1167548951]
mesh = SubResource("BoxMesh_m3jxn")

[node name="CollisionShape3D" type="CollisionShape3D" parent="Blockout/BlockB" unique_id=1145326642]
shape = SubResource("BoxShape3D_j0dly")

[node name="BlockC" type="StaticBody3D" parent="Blockout" unique_id=700643489]
transform = Transform3D(0.707107, 0, 0.707107, 0, 1, 0, -0.707107, 0, 0.707107, 0, 0.75, -7)

[node name="MeshInstance3D" type="MeshInstance3D" parent="Blockout/BlockC" unique_id=588506202]
mesh = SubResource("BoxMesh_wjpsn")

[node name="CollisionShape3D" type="CollisionShape3D" parent="Blockout/BlockC" unique_id=872432313]
shape = SubResource("BoxShape3D_hkpsh")

[node name="WallA" type="StaticBody3D" parent="Blockout" unique_id=1741129068]
transform = Transform3D(0.965926, 0, -0.258819, 0, 1, 0, 0.258819, 0, 0.965926, -15, 1.1, -14)

[node name="MeshInstance3D" type="MeshInstance3D" parent="Blockout/WallA" unique_id=542377137]
mesh = SubResource("BoxMesh_gyb5s")

[node name="CollisionShape3D" type="CollisionShape3D" parent="Blockout/WallA" unique_id=1266420987]
shape = SubResource("BoxShape3D_yxlqk")

[node name="WallB" type="StaticBody3D" parent="Blockout" unique_id=2118152863]
transform = Transform3D(0.5, 0, 0.866025, 0, 1, 0, -0.866025, 0, 0.5, -9, 1.1, 11)

[node name="MeshInstance3D" type="MeshInstance3D" parent="Blockout/WallB" unique_id=219546991]
mesh = SubResource("BoxMesh_gyb5s")

[node name="CollisionShape3D" type="CollisionShape3D" parent="Blockout/WallB" unique_id=1990269732]
shape = SubResource("BoxShape3D_yxlqk")

[node name="WallC" type="StaticBody3D" parent="Blockout" unique_id=2073376680]
transform = Transform3D(0.173648, 0, -0.984808, 0, 1, 0, 0.984808, 0, 0.173648, 11, 1.1, -13)

[node name="MeshInstance3D" type="MeshInstance3D" parent="Blockout/WallC" unique_id=939457370]
mesh = SubResource("BoxMesh_gyb5s")

[node name="CollisionShape3D" type="CollisionShape3D" parent="Blockout/WallC" unique_id=1892439470]
shape = SubResource("BoxShape3D_yxlqk")

[node name="WallD" type="StaticBody3D" parent="Blockout" unique_id=2096599837]
transform = Transform3D(0.707107, 0, 0.707107, 0, 1, 0, -0.707107, 0, 0.707107, 15, 1.1, 9)

[node name="MeshInstance3D" type="MeshInstance3D" parent="Blockout/WallD" unique_id=1690101326]
mesh = SubResource("BoxMesh_gyb5s")

[node name="CollisionShape3D" type="CollisionShape3D" parent="Blockout/WallD" unique_id=600841384]
shape = SubResource("BoxShape3D_yxlqk")

[node name="WallE" type="StaticBody3D" parent="Blockout" unique_id=1243364728]
transform = Transform3D(0.258819, 0, 0.965926, 0, 1, 0, -0.965926, 0, 0.258819, -17, 1.1, 4)

[node name="MeshInstance3D" type="MeshInstance3D" parent="Blockout/WallE" unique_id=1379857096]
mesh = SubResource("BoxMesh_d2rkb")

[node name="CollisionShape3D" type="CollisionShape3D" parent="Blockout/WallE" unique_id=663098224]
shape = SubResource("BoxShape3D_lm2ax")

[node name="WallF" type="StaticBody3D" parent="Blockout" unique_id=1647859283]
transform = Transform3D(0.866025, 0, -0.5, 0, 1, 0, 0.5, 0, 0.866025, -2, 1.1, 15)

[node name="MeshInstance3D" type="MeshInstance3D" parent="Blockout/WallF" unique_id=2037673942]
mesh = SubResource("BoxMesh_d2rkb")

[node name="CollisionShape3D" type="CollisionShape3D" parent="Blockout/WallF" unique_id=1035172133]
shape = SubResource("BoxShape3D_lm2ax")

[node name="WallG" type="StaticBody3D" parent="Blockout" unique_id=248536616]
transform = Transform3D(0.34202, 0, -0.939693, 0, 1, 0, 0.939693, 0, 0.34202, 4, 1.1, -15)

[node name="MeshInstance3D" type="MeshInstance3D" parent="Blockout/WallG" unique_id=1698280102]
mesh = SubResource("BoxMesh_d2rkb")

[node name="CollisionShape3D" type="CollisionShape3D" parent="Blockout/WallG" unique_id=822064235]
shape = SubResource("BoxShape3D_lm2ax")

[node name="WallH" type="StaticBody3D" parent="Blockout" unique_id=1363575307]
transform = Transform3D(0.0871557, 0, 0.996195, 0, 1, 0, -0.996195, 0, 0.0871557, 19, 1.1, -3)

[node name="MeshInstance3D" type="MeshInstance3D" parent="Blockout/WallH" unique_id=1181590087]
mesh = SubResource("BoxMesh_d2rkb")

[node name="CollisionShape3D" type="CollisionShape3D" parent="Blockout/WallH" unique_id=1571635059]
shape = SubResource("BoxShape3D_lm2ax")

[node name="WallI" type="StaticBody3D" parent="Blockout" unique_id=798494039]
transform = Transform3D(0.996195, 0, 0.0871557, 0, 1, 0, -0.0871557, 0, 0.996195, 8, 1.1, 17)

[node name="MeshInstance3D" type="MeshInstance3D" parent="Blockout/WallI" unique_id=230947839]
mesh = SubResource("BoxMesh_d2rkb")

[node name="CollisionShape3D" type="CollisionShape3D" parent="Blockout/WallI" unique_id=2024332166]
shape = SubResource("BoxShape3D_lm2ax")

[node name="WallJ" type="StaticBody3D" parent="Blockout" unique_id=2080110879]
transform = Transform3D(0.573576, 0, -0.819152, 0, 1, 0, 0.819152, 0, 0.573576, -14, 1.1, -6)

[node name="MeshInstance3D" type="MeshInstance3D" parent="Blockout/WallJ" unique_id=1392808196]
mesh = SubResource("BoxMesh_d2rkb")

[node name="CollisionShape3D" type="CollisionShape3D" parent="Blockout/WallJ" unique_id=1497235549]
shape = SubResource("BoxShape3D_lm2ax")

[node name="Guards" type="Node3D" parent="." unique_id=1483041833]

[node name="GuardA" parent="Guards" unique_id=945712971 instance=ExtResource("2_mrr7x")]
transform = Transform3D(0.707107, 0, 0.707107, 0, 1, 0, -0.707107, 0, 0.707107, -7, 1, 2)
vision_range = 16.905
vision_angle_degrees = 72.33
catch_distance = 2.125

[node name="GuardB" parent="Guards" unique_id=1495726193 instance=ExtResource("2_mrr7x")]
transform = Transform3D(-0.5, 0, -0.866025, 0, 1, 0, 0.866025, 0, -0.5, 6, 1, 1)
vision_range = 6.475

[node name="GuardC" parent="Guards" unique_id=1294833183 instance=ExtResource("2_mrr7x")]
transform = Transform3D(-0.258819, 0, 0.965926, 0, 1, 0, -0.965926, 0, -0.258819, 2, 1, -8)
